%YAML:1.0
leftCameraIntrinsicMatrix: !!opencv-matrix
   rows: 3
   cols: 3
   dt: d
   data: [ 451.607740200530,0.,343.998551683970,
       0.,457.029505887742,235.146157222543,
       0.,0.,1. ]
rightCameraIntrinsicMatrix: !!opencv-matrix
   rows: 3
   cols: 3
   dt: d
   data: [ 448.772281966606,0.,325.544236411856,
       0.,453.879133704037,253.113894140793,
       0.,0.,1.]
leftDistCoeffs: !!opencv-matrix
   rows: 1
   cols: 14
   dt: d
   data: [ -6.7029749689777231e-04, -5.5696043996941731e-02, 0., 0., 0.,
       0., 0., -2.2071732073235550e-01, 0., 0., 0., 0., 0., 0. ]
rightDistCoeffs: !!opencv-matrix
   rows: 1
   cols: 14
   dt: d
   data: [ -1.5479266084252557e-02, 9.2940784117448688e-02, 0., 0., 0.,
       0., 0., 2.0700073969797944e-01, 0., 0., 0., 0., 0., 0. ]
leftRectificationMatrix: !!opencv-matrix
   rows: 3
   cols: 3
   dt: d
   data: [ 0.9999161261688952, -0.007822044025572978, 0.01032260890724509,
       0.007891491733029804, 0.9999463873700257, -0.006704233279191813,
       -0.01026961467716585, 0.006785131752316886, 0.9999242456313809]
rightRectificationMatrix: !!opencv-matrix
   rows: 3
   cols: 3
   dt: d
   data: [ 0.9998373730082442, 0.01705278825920508, 0.005867703857542885,
       -0.0170919785736169, 0.9998315067697087, 0.006694948771485638,
       -0.005752547645359188, -0.006794150660716431, 0.9999603730710469]
leftProjectionMatrix: !!opencv-matrix
   rows: 3
   cols: 4
   dt: d
   data: [ 448.4224330329385, 0., 329.8573379516602, 0.,
       0., 448.4224330329385, 248.5971088409424, 0.,
       0., 0., 1., 0.]
rightProjectionMatrix: !!opencv-matrix
   rows: 3
   cols: 4
   dt: d
   data: [ 448.4224330329385, 0, 329.8573379516602, -50905.73542702347,
       0., 448.4224330329385, 248.5971088409424, 0.,
       0., 0., 1., 0.]
